0	48
0	95
0	78
0	25
0	6
0	99
0	5
0	73
0	17
0	62
0	86
1	74
1	53
1	52
1	40
1	5
1	57
1	80
1	36
1	8
1	55
1	33
1	78
1	90
1	82
1	58
1	32
1	1
2	96
2	1
2	62
2	99
2	71
2	72
3	30
3	8
3	1
3	25
3	89
3	28
3	92
4	89
4	64
4	30
4	90
4	57
4	32
4	56
4	61
4	100
4	16
4	48
4	40
4	49
4	37
4	53
4	69
4	42
5	91
5	3
5	7
5	43
5	38
5	68
5	15
5	79
5	25
5	72
5	2
5	13
5	16
5	20
6	97
6	92
6	53
6	90
6	8
6	19
6	81
6	14
6	63
6	21
6	58
6	89
7	79
7	30
7	35
7	3
7	39
7	44
7	8
7	84
7	17
7	86
7	80
7	70
7	22
7	97
7	13
7	69
8	36
8	19
8	17
8	69
9	98
9	83
9	97
9	42
9	38
9	63
9	16
9	57
9	6
10	3
10	60
10	10
10	92
10	33
10	94
11	70
12	74
12	9
12	49
12	83
13	10
13	56
13	86
13	60
13	12
14	9
14	55
14	38
14	24
14	93
14	26
14	80
14	76
14	39
14	56
14	59
14	90
14	0
14	44
14	1
14	5
14	29
15	6
15	84
15	46
15	51
15	52
15	78
15	9
15	23
15	30
15	10
16	25
17	87
17	38
17	17
17	34
17	52
17	80
17	26
17	3
17	99
18	67
18	79
18	82
18	30
18	2
18	56
18	36
19	79
19	93
19	75
19	13
19	56
19	59
19	52
20	68
20	12
20	55
20	92
20	51
20	47
20	8
20	44
20	79
20	86
20	3
20	98
21	24
21	74
21	42
21	69
21	16
21	65
21	8
21	25
21	17
21	48
21	92
21	18
22	7
22	65
22	97
23	82
23	99
23	94
23	45
23	13
23	71
23	47
23	53
23	16
23	42
23	65
23	98
23	36
23	46
24	56
24	18
24	4
24	49
24	50
24	82
24	77
24	72
24	46
24	91
24	39
24	41
24	98
24	45
25	62
25	46
25	17
26	43
26	6
26	79
26	44
26	81
26	68
26	65
27	98
27	52
27	48
27	51
27	50
27	34
28	14
28	50
28	30
28	40
28	77
28	63
28	1
28	55
28	33
28	25
28	56
28	9
28	90
29	45
29	69
29	4
29	27
29	68
29	73
29	79
29	75
29	61
29	24
29	21
29	80
30	11
30	5
30	19
30	30
30	85
30	24
30	29
30	2
30	37
30	49
30	10
30	34
30	44
30	14
31	8
31	20
31	52
31	70
31	30
31	39
31	41
32	61
32	5
32	99
32	33
32	1
32	85
32	59
32	62
32	80
32	10
32	91
33	47
33	4
33	20
33	2
33	95
33	53
33	65
33	15
33	13
33	45
33	88
33	38
33	33
33	17
33	40
33	91
33	30
33	93
34	81
34	37
34	79
34	98
34	52
34	83
34	34
34	76
34	96
34	31
34	33
35	70
35	73
35	33
35	60
35	44
35	40
35	29
36	0
36	60
36	65
36	14
36	62
36	40
36	89
37	11
37	63
37	75
37	51
37	83
37	60
37	25
37	68
37	19
37	14
37	61
37	35
37	89
37	77
38	53
38	9
38	8
39	5
39	26
39	2
39	54
39	42
39	30
39	75
39	27
39	57
39	14
39	52
39	41
39	11
39	17
39	89
39	6
39	47
39	32
39	10
40	5
40	90
40	91
40	30
40	88
40	65
40	42
40	58
40	35
40	31
40	81
40	8
40	38
40	63
40	96
40	20
41	57
41	15
41	65
41	21
41	43
41	3
41	36
41	2
41	92
41	72
41	87
41	93
41	13
41	67
41	6
41	48
41	27
42	8
42	7
42	76
42	30
42	17
42	87
42	18
42	42
42	21
42	98
42	27
42	11
42	36
42	52
42	37
43	57
43	0
43	82
43	34
43	26
43	52
43	38
43	23
43	7
43	40
43	19
44	58
44	20
44	66
44	43
44	67
44	48
44	100
44	34
44	72
44	4
45	64
45	31
45	45
45	5
45	80
45	21
45	25
45	13
45	11
45	75
45	56
45	18
45	55
46	31
46	76
46	80
46	17
46	60
47	7
48	30
48	75
48	33
48	5
48	76
48	15
48	35
48	55
48	99
49	31
49	90
49	53
49	54
50	47
51	74
51	79
51	28
51	51
51	91
51	78
51	32
51	24
52	22
52	46
52	87
52	35
52	26
53	14
53	26
53	100
53	80
53	38
53	45
54	47
54	14
54	62
54	84
55	24
55	83
55	79
55	56
55	21
55	52
55	81
55	37
55	64
56	4
56	25
56	89
56	8
56	2
56	37
56	22
56	66
56	92
56	69
57	21
57	60
57	92
57	86
57	72
57	0
57	58
57	33
57	46
57	32
57	40
57	61
57	30
57	14
57	23
57	43
57	31
58	83
58	75
58	57
58	4
58	54
58	74
59	36
59	79
59	10
59	77
59	75
59	6
59	42
59	90
59	25
59	87
59	67
59	83
59	18
59	78
59	71
60	15
60	58
60	54
60	82
61	86
61	100
61	66
61	83
61	98
61	34
61	60
61	30
61	38
61	71
61	53
62	77
62	64
62	21
62	48
62	15
62	70
62	2
62	76
62	37
62	23
63	64
63	90
63	56
63	92
63	80
63	68
63	100
63	1
63	14
63	42
63	28
63	2
63	11
63	35
63	32
63	99
63	63
64	55
64	47
64	18
64	70
64	37
64	5
64	51
64	44
64	67
64	63
64	28
64	88
64	59
64	34
64	33
64	100
65	47
65	44
65	23
65	43
65	80
65	87
65	72
66	13
66	8
66	75
66	2
66	30
66	34
66	32
66	10
66	82
66	94
66	79
67	44
67	71
67	20
67	34
67	53
67	83
67	48
67	52
67	8
67	29
67	97
67	75
67	88
67	63
67	3
67	50
67	60
67	45
67	46
68	49
68	91
68	11
68	10
68	40
69	9
69	71
69	72
69	46
69	97
69	54
69	75
69	78
69	4
69	67
69	13
69	21
69	92
69	7
69	10
70	94
70	69
70	74
70	54
70	37
70	86
70	91
70	43
70	27
70	31
70	34
70	19
70	61
70	79
70	95
70	87
70	39
71	76
71	30
71	86
71	4
71	5
71	29
71	82
71	17
71	60
71	77
71	15
71	40
71	21
72	81
72	85
72	4
72	66
72	5
72	42
72	8
72	30
72	49
72	67
72	31
72	63
72	6
72	59
72	60
72	54
72	89
73	44
73	87
73	38
73	48
73	78
74	33
74	73
74	51
74	32
74	38
74	71
74	95
74	63
74	50
74	42
75	43
75	60
75	16
75	40
75	82
75	70
75	46
75	54
75	35
75	23
75	91
75	33
75	98
76	74
76	17
76	96
76	0
76	40
76	80
76	76
76	16
76	81
76	77
76	24
76	86
76	95
76	46
77	28
78	81
78	93
78	33
78	74
78	59
78	26
78	75
78	57
78	45
78	4
78	48
78	69
78	80
78	53
78	97
78	25
79	54
79	88
80	69
80	34
80	82
80	16
80	67
80	21
80	77
80	89
80	42
80	11
80	44
80	81
80	98
80	15
80	20
80	51
80	33
81	25
81	6
82	52
82	51
83	11
83	82
83	20
84	23
84	14
84	52
84	9
84	59
84	76
84	78
84	48
84	74
84	62
85	30
85	55
85	74
85	29
85	19
85	97
85	83
85	71
85	92
86	18
86	30
86	40
86	84
86	56
86	34
86	77
86	24
86	2
86	3
86	91
87	31
87	2
87	33
87	17
87	1
87	87
87	7
87	80
87	10
87	81
87	16
87	22
87	39
87	13
87	47
87	53
88	4
88	45
89	80
89	47
89	12
89	69
89	40
89	41
89	99
89	21
89	37
89	15
89	65
89	85
89	55
89	51
89	2
89	70
89	74
89	60
90	77
90	51
90	48
90	41
90	82
90	55
90	30
90	5
90	59
90	36
91	90
91	3
91	54
91	26
92	56
92	30
92	76
92	31
92	95
92	72
92	42
92	47
92	48
92	50
92	16
92	35
92	84
92	69
92	53
92	45
93	53
93	75
93	97
93	43
93	65
93	19
93	22
93	38
93	26
93	96
93	35
93	34
94	3
94	86
94	68
94	83
94	91
94	18
94	57
94	75
94	49
94	81
94	1
94	67
94	5
94	90
94	30
94	100
94	66
94	31
95	36
95	68
95	84
95	51
95	59
96	62
96	48
96	22
96	67
96	41
96	84
96	9
96	7
96	4
96	64
96	89
97	59
97	38
97	8
97	6
97	91
97	79
97	11
97	42
97	83
97	25
97	46
97	53
97	26
97	9
98	41
98	57
99	1
99	25
99	57
99	83
99	8
99	58
99	85
99	70
99	76
99	17
99	61
